,备喊,唱捞措,缴茄厘局_巢,缴茄厘局_咯,缴茄厘局_钦拌,缴窍瘤臼篮_巢,缴窍瘤臼篮_咯,缴窍瘤臼篮_钦拌,巢,咯,醚钦拌,牢备荐,厚啦,厚啦沥痹拳
0,碍巢备,0~4技,13,12,25,16,4,20,29,16,45,12363,0.0036398932297985924,0.006141027798456693
1,碍巢备,100技 捞惑,3,1,4,4,8,12,7,9,16,106,0.1509433962264151,0.5730223397930393
2,碍巢备,10~14技,172,73,245,16,7,23,188,80,268,29794,0.008995099684500235,0.026749950188529485
3,碍巢备,15~19技,136,83,219,28,16,44,164,99,263,29347,0.008961733737690394,0.026621545016088075
4,碍巢备,20~24技,171,74,245,30,21,51,201,95,296,31679,0.009343729284383977,0.02809161281678878
5,碍巢备,25~29技,183,81,264,43,32,75,226,113,339,39095,0.008671185573602762,0.025503402398261824
6,碍巢备,30~34技,146,84,230,85,33,118,231,117,348,38337,0.00907739259722983,0.027066645402064767
7,碍巢备,35~39技,168,86,254,148,55,203,316,141,457,39325,0.011621106166560712,0.03685584699052824
8,碍巢备,40~44技,183,112,295,237,79,316,420,191,611,47322,0.01291154220024513,0.04182194797888635
9,碍巢备,45~49技,187,135,322,303,118,421,490,253,743,50407,0.014740016267581884,0.04885862909748635
10,碍巢备,50~54技,281,214,495,360,158,518,641,372,1013,47259,0.02143507056856895,0.07462380839607843
11,碍巢备,55~59技,346,226,572,445,202,647,791,428,1219,34697,0.035132720408104445,0.1273377055832799
12,碍巢备,5~9技,123,53,176,11,12,23,134,65,199,22363,0.00889862719670885,0.026378686441652956
13,碍巢备,60~64技,452,327,779,526,341,867,978,668,1646,32976,0.049915089762251334,0.18422602638621274
14,碍巢备,65~69技,491,314,805,599,456,1055,1090,770,1860,28551,0.06514657980456026,0.2428427387057754
15,碍巢备,70~74技,341,247,588,568,523,1091,909,770,1679,20157,0.08329612541548842,0.3126892665800297
16,碍巢备,75~79技,307,230,537,619,519,1138,926,749,1675,14410,0.11623872310895211,0.4394652265611671
17,碍巢备,80~84技,197,187,384,406,458,864,603,645,1248,8455,0.14760496747486695,0.5601747643302785
18,碍巢备,85~89技,88,142,230,216,349,565,304,491,795,4145,0.19179734620024125,0.7302442679223083
19,碍巢备,90~94技,24,76,100,82,191,273,106,267,373,1782,0.20931537598204264,0.7976604766630866
20,碍巢备,95~99技,4,22,26,14,49,63,18,71,89,472,0.1885593220338983,0.7177830884503659
21,碍悼备,0~4技,23,15,38,8,4,12,31,19,50,14678,0.0034064586455920427,0.00524268050414314
22,碍悼备,100技 捞惑,1,6,7,1,3,4,2,9,11,80,0.1375,0.5212869096405857
23,碍悼备,10~14技,166,67,233,17,11,28,183,78,261,19891,0.01312151224171736,0.04262999456411975
24,碍悼备,15~19技,151,91,242,19,10,29,170,101,271,18959,0.01429400284825149,0.047142195562820094
25,碍悼备,20~24技,227,123,350,39,18,57,266,141,407,25732,0.01581688170371522,0.05300282715699146
26,碍悼备,25~29技,232,128,360,63,41,104,295,169,464,34735,0.013358284151432273,0.04354118518818615
27,碍悼备,30~34技,206,95,301,94,57,151,300,152,452,34541,0.013085897918415796,0.042492936762314096
28,碍悼备,35~39技,185,123,308,196,71,267,381,194,575,36556,0.015729292045081517,0.05266574800005809
29,碍悼备,40~44技,230,137,367,280,95,375,510,232,742,38733,0.019156791366534996,0.06585610174372106
30,碍悼备,45~49技,249,153,402,396,133,529,645,286,931,36121,0.025774480219263034,0.09132354863323978
31,碍悼备,50~54技,339,175,514,532,192,724,871,367,1238,37171,0.03330553388394178,0.12030597943281662
32,碍悼备,55~59技,403,201,604,737,336,1073,1140,537,1677,34595,0.04847521318109553,0.1786848199055045
33,碍悼备,5~9技,148,49,197,28,9,37,176,58,234,19643,0.011912640635340834,0.03797778529336355
34,碍悼备,60~64技,470,246,716,998,530,1528,1468,776,2244,37366,0.06005459508644222,0.22324679618613671
35,碍悼备,65~69技,411,233,644,917,619,1536,1328,852,2180,29216,0.07461664841182913,0.2792872550109348
36,碍悼备,70~74技,374,214,588,848,678,1526,1222,892,2114,18910,0.11179270227392914,0.4223552049198558
37,碍悼备,75~79技,323,230,553,797,675,1472,1120,905,2025,12608,0.16061230964467005,0.6102320884588825
38,碍悼备,80~84技,182,193,375,486,596,1082,668,789,1457,7509,0.19403382607537623,0.7388511144675336
39,碍悼备,85~89技,79,136,215,206,462,668,285,598,883,3784,0.2333509513742072,0.8901587420517102
40,碍悼备,90~94技,24,72,96,58,184,242,82,256,338,1494,0.22623828647925034,0.862786434364475
41,碍悼备,95~99技,3,12,15,12,33,45,15,45,60,342,0.17543859649122806,0.6672894208956942
42,碍合备,0~4技,16,10,26,4,2,6,20,12,32,5696,0.0056179775280898875,0.013753467417608243
43,碍合备,100技 捞惑,0,0,0,2,5,7,2,5,7,45,0.15555555555555556,0.5907717271357914
44,碍合备,10~14技,97,43,140,7,8,15,104,51,155,9722,0.015943221559349928,0.053489032180378135
45,碍合备,15~19技,101,54,155,13,11,24,114,65,179,11074,0.016163987718981396,0.054338626437608846
46,碍合备,20~24技,157,112,269,24,9,33,181,121,302,18441,0.016376552247708908,0.05515665762137051
47,碍合备,25~29技,174,137,311,46,22,68,220,159,379,22560,0.016799645390070922,0.056784884993828846
48,碍合备,30~34技,145,101,246,58,31,89,203,132,335,18649,0.01796342967451338,0.061263580670594724
49,碍合备,35~39技,162,99,261,110,32,142,272,131,403,18471,0.021817984949380108,0.07609741222870968
50,碍合备,40~44技,184,123,307,196,48,244,380,171,551,20592,0.026757964257964256,0.09510837866676239
51,碍合备,45~49技,247,165,412,280,105,385,527,270,797,23331,0.03416055891303416,0.12359644911221881
52,碍合备,50~54技,358,223,581,458,199,657,816,422,1238,26958,0.045923288077750576,0.16886401713254312
53,碍合备,55~59技,378,215,593,661,267,928,1039,482,1521,24742,0.06147441597283971,0.22871082053385916
54,碍合备,5~9技,84,36,120,14,7,21,98,43,141,8452,0.01668244202555608,0.056333840750516596
55,碍合备,60~64技,449,263,712,853,464,1317,1302,727,2029,26276,0.07721875475719288,0.28930117476845146
56,碍合备,65~69技,352,237,589,863,602,1465,1215,839,2054,20896,0.09829632465543645,0.37041588171366435
57,碍合备,70~74技,325,245,570,807,772,1579,1132,1017,2149,16210,0.1325724861196792,0.5023239150306615
58,碍合备,75~79技,305,247,552,795,911,1706,1100,1158,2258,13094,0.17244539483733007,0.6557704139059892
59,碍合备,80~84技,172,206,378,577,755,1332,749,961,1710,8712,0.1962809917355372,0.7474990840798413
60,碍合备,85~89技,81,123,204,264,384,648,345,507,852,3795,0.22450592885375495,0.8561196467891163
61,碍合备,90~94技,15,26,41,76,139,215,91,165,256,1187,0.21566975568660487,0.8221146072883218
62,碍合备,95~99技,6,6,12,6,29,35,12,35,47,279,0.16845878136200718,0.6404283709040776
63,碍辑备,0~4技,27,20,47,4,3,7,31,23,54,15619,0.0034573276138037006,0.005438444127227499
64,碍辑备,100技 捞惑,3,3,6,3,10,13,6,13,19,82,0.23170731707317074,0.8838333964213877
65,碍辑备,10~14技,143,53,196,23,21,44,166,74,240,21245,0.01129677571193222,0.03560769694725451
66,碍辑备,15~19技,135,74,209,28,21,49,163,95,258,22272,0.011584051724137932,0.036713247048853155
67,碍辑备,20~24技,223,110,333,42,26,68,265,136,401,32819,0.012218531947956976,0.03915497432889903
68,碍辑备,25~29技,284,180,464,74,54,128,358,234,592,52833,0.011205118013362861,0.035254962386552346
69,碍辑备,30~34技,271,150,421,165,63,228,436,213,649,51062,0.012710038776389487,0.0410464842393084
70,碍辑备,35~39技,281,176,457,232,88,320,513,264,777,46769,0.0166135688169514,0.056068789790689834
71,碍辑备,40~44技,361,219,580,361,138,499,722,357,1079,45631,0.023646205430518725,0.083133117448748
72,碍辑备,45~49技,399,302,701,480,126,606,879,428,1307,43635,0.029953019365188495,0.10740419644592186
73,碍辑备,50~54技,583,389,972,660,280,940,1243,669,1912,43859,0.043594245194828886,0.15990095204377452
74,碍辑备,55~59技,791,490,1281,993,478,1471,1784,968,2752,40549,0.06786850477200425,0.2533177672373841
75,碍辑备,5~9技,133,83,216,27,12,39,160,95,255,21027,0.012127264945070623,0.0388037433175142
76,碍辑备,60~64技,1059,635,1694,1485,806,2291,2544,1441,3985,44659,0.08923173380505608,0.3355318019095626
77,碍辑备,65~69技,863,560,1423,1408,945,2353,2271,1505,3776,34723,0.10874636408144457,0.4106317078121562
78,碍辑备,70~74技,623,394,1017,1250,989,2239,1873,1383,3256,23443,0.13889007379601587,0.5266364555863657
79,碍辑备,75~79技,512,367,879,1009,1044,2053,1521,1411,2932,15962,0.18368625485528128,0.6990296259769337
80,碍辑备,80~84技,298,332,630,678,988,1666,976,1320,2296,10338,0.2220932482104856,0.8468347109888328
81,碍辑备,85~89技,137,218,355,317,699,1016,454,917,1371,5265,0.2603988603988604,0.9942496417430617
82,碍辑备,90~94技,43,98,141,112,281,393,155,379,534,2039,0.2618930848455125,1.0
83,碍辑备,95~99技,8,20,28,23,50,73,31,70,101,484,0.20867768595041322,0.7952063967911078
84,包厩备,0~4技,16,17,33,8,7,15,24,24,48,8520,0.005633802816901409,0.01381436929910915
85,包厩备,100技 捞惑,1,0,1,2,5,7,3,5,8,61,0.13114754098360656,0.4968401705722849
86,包厩备,10~14技,114,60,174,5,10,15,119,70,189,12351,0.015302404663589992,0.05102291891608576
87,包厩备,15~19技,115,50,165,11,10,21,126,60,186,14706,0.012647898816809465,0.040807345446968735
88,包厩备,20~24技,193,95,288,45,27,72,238,122,360,37871,0.009505954424229622,0.028715918405205893
89,包厩备,25~29技,228,141,369,88,58,146,316,199,515,70283,0.007327518745642616,0.02033244855926763
90,包厩备,30~34技,174,127,301,126,52,178,300,179,479,50223,0.009537462915397327,0.028837175364129188
91,包厩备,35~39技,195,119,314,181,57,238,376,176,552,35333,0.015622788894234851,0.05225588235086914
92,包厩备,40~44技,243,143,386,286,79,365,529,222,751,32743,0.02293620010383899,0.08040074012625761
93,包厩备,45~49技,315,197,512,387,133,520,702,330,1032,32800,0.03146341463414634,0.11321678633196755
94,包厩备,50~54技,399,220,619,542,205,747,941,425,1366,35090,0.03892846964947278,0.14194522859648853
95,包厩备,55~59技,414,251,665,726,319,1045,1140,570,1710,31935,0.05354626585251292,0.19820020774820063
96,包厩备,5~9技,102,34,136,16,8,24,118,42,160,11323,0.014130530778062351,0.04651309130027301
97,包厩备,60~64技,435,273,708,997,499,1496,1432,772,2204,33150,0.06648567119155355,0.24799608446400112
98,包厩备,65~69技,412,242,654,1007,721,1728,1419,963,2382,26820,0.08881431767337808,0.33392542188763763
99,包厩备,70~74技,369,258,627,1028,784,1812,1397,1042,2439,20807,0.1172201662901908,0.4432422025794598
100,包厩备,75~79技,352,262,614,935,975,1910,1287,1237,2524,15833,0.15941388239752416,0.6056200731546184
101,包厩备,80~84技,245,239,484,653,822,1475,898,1061,1959,10042,0.19508066122286397,0.7428797442677598
102,包厩备,85~89技,94,136,230,296,433,729,390,569,959,4144,0.23141891891891891,0.8827235278796813
103,包厩备,90~94技,23,70,93,77,160,237,100,230,330,1349,0.2446256486286138,0.9335481730014041
104,包厩备,95~99技,1,11,12,9,37,46,10,48,58,315,0.18412698412698414,0.7007257240512821
105,堡柳备,0~4技,5,4,9,4,2,6,9,6,15,7338,0.002044153720359771,0.0
106,堡柳备,100技 捞惑,0,1,1,0,5,5,0,6,6,50,0.12,0.4539400865298476
107,堡柳备,10~14技,77,28,105,6,6,12,83,34,117,11867,0.009859273615909665,0.030075628411131875
108,堡柳备,15~19技,61,38,99,10,8,18,71,46,117,12907,0.009064848531804448,0.02701837094747661
109,堡柳备,20~24技,125,65,190,27,23,50,152,88,240,24936,0.009624639076034648,0.029172663219552898
110,堡柳备,25~29技,133,74,207,50,37,87,183,111,294,36680,0.00801526717557252,0.022979172665277745
111,堡柳备,30~34技,113,68,181,68,33,101,181,101,282,29483,0.009564833972119527,0.028942509862153416
112,堡柳备,35~39技,100,72,172,90,33,123,190,105,295,25232,0.01169150285351934,0.03712676088905309
113,堡柳备,40~44技,139,97,236,172,59,231,311,156,467,24851,0.018792000321918634,0.06445224357491194
114,堡柳备,45~49技,155,115,270,264,80,344,419,195,614,25619,0.0239665872984894,0.08436607179103994
115,堡柳备,50~54技,223,152,375,345,148,493,568,300,868,28389,0.030575222797562435,0.10979867784586368
116,堡柳备,55~59技,228,133,361,516,202,718,744,335,1079,25412,0.04246025499763891,0.1555369156312337
117,堡柳备,5~9技,59,25,84,13,5,18,72,30,102,10406,0.009802037286181049,0.02985536069834668
118,堡柳备,60~64技,323,170,493,691,337,1028,1014,507,1521,25426,0.05982065602139542,0.2223465074528568
119,堡柳备,65~69技,245,150,395,612,417,1029,857,567,1424,18726,0.0760440029904945,0.28478027194383077
120,堡柳备,70~74技,211,126,337,540,486,1026,751,612,1363,12461,0.10938126956103042,0.41307507164219653
121,堡柳备,75~79技,172,172,344,515,592,1107,687,764,1451,9472,0.1531883445945946,0.5816617764012979
122,堡柳备,80~84技,141,154,295,345,472,817,486,626,1112,6503,0.17099800092265108,0.6502002777949353
123,堡柳备,85~89技,57,76,133,176,330,506,233,406,639,2992,0.21356951871657753,0.8140320765619753
124,堡柳备,90~94技,10,31,41,56,106,162,66,137,203,1003,0.2023928215353938,0.7710197881034916
125,堡柳备,95~99技,3,7,10,7,27,34,10,34,44,243,0.18106995884773663,0.6889610988669086
126,备肺备,0~4技,18,19,37,4,7,11,22,26,48,11574,0.00414722654224987,0.008093444189990464
127,备肺备,100技 捞惑,0,3,3,0,0,0,0,3,3,42,0.07142857142857142,0.26701829177351355
128,备肺备,10~14技,120,68,188,17,5,22,137,73,210,14493,0.014489753674187538,0.04789552106271129
129,备肺备,15~19技,118,62,180,12,4,16,130,66,196,14698,0.013335147639134575,0.043452146868122585
130,备肺备,20~24技,175,90,265,26,24,50,201,114,315,22272,0.014143318965517241,0.046562305231611936
131,备肺备,25~29技,182,108,290,55,31,86,237,139,376,31431,0.01196271197225669,0.038170479320231564
132,备肺备,30~34技,205,102,307,84,39,123,289,141,430,30998,0.013871862700819408,0.04551763568641728
133,备肺备,35~39技,173,118,291,169,55,224,342,173,515,30073,0.01712499584344761,0.05803696038997503
134,备肺备,40~44技,209,134,343,249,71,320,458,205,663,30647,0.021633438835775117,0.07538720683049657
135,备肺备,45~49技,234,174,408,350,103,453,584,277,861,30536,0.0281962274037202,0.10064337601898633
136,备肺备,50~54技,310,191,501,460,191,651,770,382,1152,32222,0.035751970703246226,0.12972082215974765
137,备肺备,55~59技,322,209,531,677,285,962,999,494,1493,30072,0.04964751263633945,0.18319628527951176
138,备肺备,5~9技,105,55,160,9,9,18,114,64,178,14393,0.012367122906968665,0.03972681027360846
139,备肺备,60~64技,447,259,706,1044,478,1522,1491,737,2228,31900,0.06984326018808777,0.26091739601989544
140,备肺备,65~69技,384,222,606,1032,631,1663,1416,853,2269,25589,0.08867091328305131,0.3333735458814296
141,备肺备,70~74技,368,193,561,986,769,1755,1354,962,2316,18653,0.12416233313676084,0.4699583673006702
142,备肺备,75~79技,275,214,489,883,796,1679,1158,1010,2168,13319,0.16277498310683985,0.6185548991504847
143,备肺备,80~84技,207,198,405,569,729,1298,776,927,1703,8389,0.20300393372273215,0.7733715860681483
144,备肺备,85~89技,99,129,228,263,428,691,362,557,919,3899,0.2357014619133111,0.8992044230515363
145,备肺备,90~94技,19,43,62,63,148,211,82,191,273,1251,0.2182254196642686,0.8319497987074191
146,备肺备,95~99技,5,12,17,11,30,41,16,42,58,303,0.19141914191419143,0.7287887903707473
147,陛玫备,0~4技,7,6,13,3,2,5,10,8,18,5245,0.0034318398474737846,0.005340357264912717
148,陛玫备,100技 捞惑,0,1,1,1,4,5,1,5,6,30,0.2,0.7618112778932213
149,陛玫备,10~14技,61,26,87,5,1,6,66,27,93,6510,0.014285714285714285,0.04711029794253236
150,陛玫备,15~19技,82,24,106,8,7,15,90,31,121,7445,0.016252518468770988,0.05467932728023402
151,陛玫备,20~24技,109,45,154,10,17,27,119,62,181,13636,0.013273687298327955,0.04321562351380091
152,陛玫备,25~29技,111,64,175,32,20,52,143,84,227,23566,0.009632521429177629,0.02920299758771385
153,陛玫备,30~34技,93,58,151,70,35,105,163,93,256,20180,0.012685827552031714,0.04095331000821599
154,陛玫备,35~39技,83,67,150,89,21,110,172,88,260,16390,0.01586333129957291,0.053181583312179634
155,陛玫备,40~44技,119,72,191,143,39,182,262,111,373,15349,0.024301257410906246,0.08565401286883355
156,陛玫备,45~49技,168,102,270,206,77,283,374,179,553,16289,0.033949290932531156,0.12278340755153888
157,陛玫备,50~54技,214,152,366,384,161,545,598,313,911,19488,0.04674671592775041,0.1720328885473085
158,陛玫备,55~59技,269,155,424,578,206,784,847,361,1208,19860,0.0608257804632427,0.2262146181951064
159,陛玫备,5~9技,48,35,83,10,6,16,58,41,99,6431,0.015394184419219406,0.0513761231999441
160,陛玫备,60~64技,313,166,479,694,342,1036,1007,508,1515,19980,0.07582582582582582,0.28394064114864537
161,陛玫备,65~69技,235,149,384,604,353,957,839,502,1341,14584,0.09195008228195282,0.34599306671110025
162,陛玫备,70~74技,213,125,338,571,464,1035,784,589,1373,10379,0.13228634743231527,0.5012227417984879
163,陛玫备,75~79技,185,131,316,460,476,936,645,607,1252,7595,0.16484529295589204,0.6265222586469724
164,陛玫备,80~84技,120,119,239,357,399,756,477,518,995,4810,0.20686070686070687,0.7882139528282299
165,陛玫备,85~89技,45,60,105,148,227,375,193,287,480,2166,0.22160664819944598,0.8449620844248803
166,陛玫备,90~94技,14,18,32,43,89,132,57,107,164,722,0.22714681440443213,0.8662828040483826
167,陛玫备,95~99技,3,8,11,8,13,21,11,21,32,156,0.20512820512820512,0.7815466106729246
168,畴盔备,0~4技,10,14,24,8,5,13,18,19,37,12124,0.0030517980864401186,0.003877808393196851
169,畴盔备,100技 捞惑,0,3,3,2,12,14,2,15,17,86,0.19767441860465115,0.7528615339582394
170,畴盔备,10~14技,183,76,259,20,13,33,203,89,292,23464,0.012444595976815548,0.04002495685251268
171,畴盔备,15~19技,174,102,276,17,19,36,191,121,312,26848,0.011620977353992848,0.03685535126954411
172,畴盔备,20~24技,287,164,451,54,31,85,341,195,536,35634,0.015041813997867205,0.05002006443215765
173,畴盔备,25~29技,281,158,439,58,43,101,339,201,540,34322,0.01573334887244333,0.05268136025347105
174,畴盔备,30~34技,270,175,445,87,49,136,357,224,581,30741,0.018899840603753944,0.06486725502548193
175,畴盔备,35~39技,255,212,467,147,65,212,402,277,679,32397,0.020958730746674075,0.07279066704032103
176,畴盔备,40~44技,338,220,558,280,105,385,618,325,943,37593,0.025084457212778976,0.08866807106980999
177,畴盔备,45~49技,442,280,722,451,174,625,893,454,1347,44177,0.030490979468954432,0.10947447667157666
178,畴盔备,50~54技,598,341,939,650,269,919,1248,610,1858,47671,0.03897547775377064,0.14212613410991248
179,畴盔备,55~59技,677,476,1153,808,390,1198,1485,866,2351,39358,0.05973372630723106,0.2220119680195486
180,畴盔备,5~9技,130,54,184,18,13,31,148,67,215,18534,0.011600302147404769,0.036775785013494655
181,畴盔备,60~64技,855,566,1421,1125,695,1820,1980,1261,3241,39822,0.08138717291949174,0.3053428730900474
182,畴盔备,65~69技,798,529,1327,1108,895,2003,1906,1424,3330,30925,0.10767987065481002,0.40652742528916636
183,畴盔备,70~74技,611,447,1058,1001,1014,2015,1612,1461,3073,21066,0.14587486945789424,0.5535166726095184
184,畴盔备,75~79技,466,447,913,945,1195,2140,1411,1642,3053,16230,0.18810844115834874,0.7160479230463859
185,畴盔备,80~84技,336,357,693,733,1102,1835,1069,1459,2528,11545,0.21896925075790385,0.8348123507695517
186,畴盔备,85~89技,147,230,377,304,669,973,451,899,1350,5848,0.23084815321477428,0.8805269989131268
187,畴盔备,90~94技,35,87,122,110,278,388,145,365,510,2117,0.2409069437883798,0.9192371468827593
188,畴盔备,95~99技,6,19,25,15,71,86,21,90,111,454,0.2444933920704846,0.9330391981999434
189,档豪备,0~4技,16,10,26,2,3,5,18,13,31,6885,0.0045025417574437185,0.009460835672631257
190,档豪备,100技 捞惑,0,0,0,2,3,5,2,3,5,89,0.056179775280898875,0.2083349788129989
191,档豪备,10~14技,87,49,136,10,9,19,97,58,155,11444,0.013544215309332402,0.0442567207768647
192,档豪备,15~19技,86,51,137,12,11,23,98,62,160,12867,0.012434911012668066,0.039987685334382725
193,档豪备,20~24技,151,79,230,25,16,41,176,95,271,19192,0.014120466861192163,0.04647436142431542
194,档豪备,25~29技,177,93,270,40,29,69,217,122,339,22304,0.01519906743185079,0.050625236957989
195,档豪备,30~34技,177,82,259,55,20,75,232,102,334,19320,0.01728778467908903,0.05866343529959478
196,档豪备,35~39技,145,82,227,105,29,134,250,111,361,19926,0.018117033022182073,0.06185470624114677
197,档豪备,40~44技,184,100,284,168,44,212,352,144,496,21787,0.022765869555239363,0.07974524176472081
198,档豪备,45~49技,199,133,332,256,100,356,455,233,688,24369,0.028232590586400756,0.10078331572365667
199,档豪备,50~54技,288,195,483,442,167,609,730,362,1092,29016,0.03763440860215054,0.13696517714228812
200,档豪备,55~59技,284,166,450,589,254,843,873,420,1293,26990,0.04790663208595776,0.17649669816617003
201,档豪备,5~9技,85,29,114,12,11,23,97,40,137,10159,0.013485579289300128,0.044031066510062916
202,档豪备,60~64技,332,212,544,826,439,1265,1158,651,1809,28993,0.06239437105508226,0.23225116637349424
203,档豪备,65~69技,300,194,494,761,486,1247,1061,680,1741,22373,0.07781701157645377,0.29160350026454035
204,档豪备,70~74技,275,194,469,717,586,1303,992,780,1772,15428,0.11485610578169562,0.4341443760143909
205,档豪备,75~79技,247,217,464,674,731,1405,921,948,1869,12055,0.15503940273745334,0.5887853698478578
206,档豪备,80~84技,180,194,374,505,680,1185,685,874,1559,8475,0.183952802359882,0.7000554046993882
207,档豪备,85~89技,78,112,190,233,404,637,311,516,827,4003,0.2065950537097177,0.7871916159271741
208,档豪备,90~94技,24,35,59,74,162,236,98,197,295,1388,0.21253602305475505,0.8100547823035482
209,档豪备,95~99技,5,8,13,15,38,53,20,46,66,303,0.21782178217821782,0.830396444286052
210,悼措巩备,0~4技,10,8,18,3,3,6,13,11,24,8705,0.0027570361860999423,0.002743449675368575
211,悼措巩备,100技 捞惑,0,1,1,3,5,8,3,6,9,69,0.13043478260869565,0.4940971984468094
212,悼措巩备,10~14技,71,37,108,3,5,8,74,42,116,10905,0.010637322329206786,0.03306986321490094
213,悼措巩备,15~19技,66,30,96,15,11,26,81,41,122,11862,0.010284943517113471,0.03171377215627119
214,悼措巩备,20~24技,130,64,194,34,27,61,164,91,255,25705,0.0099202489787979,0.03031028538133456
215,悼措巩备,25~29技,134,60,194,62,22,84,196,82,278,30566,0.009095072956880194,0.027134686319430897
216,悼措巩备,30~34技,125,62,187,72,29,101,197,91,288,24792,0.011616650532429816,0.03683869997317627
217,悼措巩备,35~39技,121,78,199,135,47,182,256,125,381,24231,0.015723659774668813,0.05264407282753259
218,悼措巩备,40~44技,153,100,253,201,72,273,354,172,526,24494,0.021474646852290356,0.07477611336631648
219,悼措巩备,45~49技,210,113,323,237,92,329,447,205,652,24508,0.02660355802187041,0.09451416326851056
220,悼措巩备,50~54技,271,151,422,441,146,587,712,297,1009,27250,0.037027522935779815,0.13462964447820175
221,悼措巩备,55~59技,312,146,458,586,221,807,898,367,1265,24993,0.05061417196815108,0.18691636728110386
222,悼措巩备,5~9技,62,27,89,10,4,14,72,31,103,10885,0.009462563160312356,0.02854893190374375
223,悼措巩备,60~64技,393,199,592,809,424,1233,1202,623,1825,26495,0.06888092092847707,0.25721393934049425
224,悼措巩备,65~69技,345,202,547,848,532,1380,1193,734,1927,21037,0.09160051338118554,0.3446477892868151
225,悼措巩备,70~74技,291,215,506,707,667,1374,998,882,1880,15029,0.12509148978641293,0.4735341243593151
226,悼措巩备,75~79技,262,214,476,743,811,1554,1005,1025,2030,12261,0.16556561455019983,0.6292943369895263
227,悼措巩备,80~84技,212,203,415,545,722,1267,757,925,1682,8271,0.20336114133720226,0.7747462602410355
228,悼措巩备,85~89技,71,117,188,216,430,646,287,547,834,3872,0.21539256198347106,0.8210478578430439
229,悼措巩备,90~94技,23,35,58,62,142,204,85,177,262,1202,0.21797004991680533,0.8309670363525481
230,悼措巩备,95~99技,3,10,13,10,27,37,13,37,50,268,0.1865671641791045,0.710116488298625
231,悼累备,0~4技,18,5,23,4,4,8,22,9,31,9868,0.0031414673692744225,0.004222890754883056
232,悼累备,100技 捞惑,1,1,2,5,5,10,6,6,12,84,0.14285714285714285,0.5419032840622401
233,悼累备,10~14技,107,44,151,7,7,14,114,51,165,12948,0.012743280815569972,0.041174412566881445
234,悼累备,15~19技,91,45,136,7,15,22,98,60,158,14019,0.011270418717454883,0.03550626495612332
235,悼累备,20~24技,140,79,219,23,23,46,163,102,265,26670,0.00993625796775403,0.030371894212615148
236,悼累备,25~29技,176,86,262,66,25,91,242,111,353,38212,0.009237935726996755,0.027684477959896616
237,悼累备,30~34技,125,86,211,68,29,97,193,115,308,32231,0.009556017498681393,0.02890858063489064
238,悼累备,35~39技,125,80,205,155,36,191,280,116,396,28595,0.01384857492568631,0.04542801524798691
239,悼累备,40~44技,161,107,268,183,69,252,344,176,520,28567,0.018202821437322787,0.06218485351082861
240,悼累备,45~49技,207,127,334,267,94,361,474,221,695,28640,0.024266759776536313,0.08552125252142494
241,悼累备,50~54技,226,150,376,370,155,525,596,305,901,30781,0.02927130372632468,0.10478068887207129
242,悼累备,55~59技,233,151,384,480,212,692,713,363,1076,27292,0.0394254726659827,0.14385788998153978
243,悼累备,5~9技,73,29,102,9,10,19,82,39,121,13124,0.009219750076196282,0.02761449248517587
244,悼累备,60~64技,329,194,523,705,376,1081,1034,570,1604,28216,0.05684717890558549,0.21090340817615516
245,悼累备,65~69技,274,193,467,695,536,1231,969,729,1698,22262,0.07627347048782679,0.2856633523411165
246,悼累备,70~74技,250,179,429,671,621,1292,921,800,1721,16738,0.10281993069661848,0.38782448147813015
247,悼累备,75~79技,272,194,466,700,701,1401,972,895,1867,12844,0.14535970102771723,0.551534103630126
248,悼累备,80~84技,175,190,365,504,586,1090,679,776,1455,8526,0.17065446868402534,0.6488782318002174
249,悼累备,85~89技,78,118,196,192,353,545,270,471,741,4091,0.1811293082375947,0.6891894984589373
250,悼累备,90~94技,15,46,61,64,140,204,79,186,265,1413,0.1875442321302194,0.713876626725534
251,悼累备,95~99技,4,17,21,11,33,44,15,50,65,362,0.17955801104972377,0.6831425342437405
252,付器备,0~4技,15,12,27,3,7,10,18,19,37,10313,0.003587704838553282,0.005940186521106299
253,付器备,100技 捞惑,0,2,2,2,1,3,2,3,5,72,0.06944444444444445,0.2593825975432712
254,付器备,10~14技,81,44,125,7,5,12,88,49,137,13622,0.010057260314197621,0.03083755841958205
255,付器备,15~19技,99,45,144,12,13,25,111,58,169,14083,0.012000284030391252,0.038315071248979836
256,付器备,20~24技,127,72,199,32,25,57,159,97,256,25024,0.010230179028132993,0.03150301705043587
257,付器备,25~29技,140,80,220,42,38,80,182,118,300,36329,0.008257865617000192,0.023912786055093182
258,付器备,30~34技,104,62,166,78,35,113,182,97,279,32583,0.008562747444986649,0.025086090200183604
259,付器备,35~39技,108,86,194,119,49,168,227,135,362,31014,0.011672148062165474,0.03705227610564428
260,付器备,40~44技,137,75,212,187,64,251,324,139,463,29601,0.015641363467450424,0.052327364550680946
261,付器备,45~49技,188,134,322,259,100,359,447,234,681,30218,0.02253623668012443,0.07886152492924792
262,付器备,50~54技,224,142,366,385,140,525,609,282,891,30318,0.029388482089847616,0.105231636901819
263,付器备,55~59技,270,151,421,410,157,567,680,308,988,24644,0.04009089433533517,0.14641869200782165
264,付器备,5~9技,70,29,99,8,13,21,78,42,120,13348,0.008990110878034162,0.026730751316152095
265,付器备,60~64技,289,210,499,570,295,865,859,505,1364,23577,0.05785299232302668,0.21477417036511626
266,付器备,65~69技,257,185,442,558,410,968,815,595,1410,17628,0.07998638529611982,0.29995209615936513
267,付器备,70~74技,233,182,415,502,517,1019,735,699,1434,12667,0.11320754716981132,0.4278000797159762
268,付器备,75~79技,221,189,410,546,599,1145,767,788,1555,10711,0.14517785454205956,0.5508342874528177
269,付器备,80~84技,169,182,351,417,619,1036,586,801,1387,7731,0.1794075798732376,0.6825636164247031
270,付器备,85~89技,90,130,220,222,339,561,312,469,781,3790,0.20606860158311346,0.7851656228845062
271,付器备,90~94技,22,52,74,60,135,195,82,187,269,1348,0.19955489614243324,0.7600983447068523
272,付器备,95~99技,5,8,13,16,28,44,21,36,57,284,0.2007042253521127,0.7645214116200115
273,辑措巩备,0~4技,18,8,26,4,3,7,22,11,33,8062,0.004093277102455967,0.007885825711206267
274,辑措巩备,100技 捞惑,0,2,2,3,6,9,3,8,11,73,0.1506849315068493,0.5720276667788128
275,辑措巩备,10~14技,79,40,119,3,7,10,82,47,129,10579,0.012193969184232914,0.03906044723726273
276,辑措巩备,15~19技,99,50,149,11,16,27,110,66,176,11914,0.014772536511666946,0.04898377967611005
277,辑措巩备,20~24技,128,61,189,25,20,45,153,81,234,21754,0.010756642456559714,0.033529053586923124
278,辑措巩备,25~29技,130,55,185,45,26,71,175,81,256,27142,0.00943187679610935,0.02843083880992138
279,辑措巩备,30~34技,109,60,169,55,33,88,164,93,257,22483,0.011430858871147089,0.0361237012218701
280,辑措巩备,35~39技,93,59,152,96,34,130,189,93,282,21752,0.01296432511952924,0.04202507723193179
281,辑措巩备,40~44技,113,74,187,147,46,193,260,120,380,22134,0.01716815758561489,0.058203063602254516
282,辑措巩备,45~49技,159,100,259,198,71,269,357,171,528,23116,0.022841322028032532,0.08003561229834763
283,辑措巩备,50~54技,192,137,329,319,127,446,511,264,775,25994,0.029814572593675464,0.10687139928984524
284,辑措巩备,55~59技,258,141,399,423,179,602,681,320,1001,22646,0.04420206659012629,0.16224008575760404
285,辑措巩备,5~9技,76,45,121,8,5,13,84,50,134,10819,0.012385617894444957,0.039797986196465664
286,辑措巩备,60~64技,278,173,451,591,343,934,869,516,1385,22602,0.06127776302982037,0.2279540233357032
287,辑措巩备,65~69技,228,158,386,577,392,969,805,550,1355,17098,0.07924903497485086,0.29711448463609963
288,辑措巩备,70~74技,185,172,357,503,512,1015,688,684,1372,12582,0.10904466698458115,0.4117796936893538
289,辑措巩备,75~79技,185,185,370,531,616,1147,716,801,1517,10706,0.14169624509620773,0.5374356968533629
290,辑措巩备,80~84技,172,168,340,424,639,1063,596,807,1403,7918,0.1771912099014903,0.6740341606284049
291,辑措巩备,85~89技,58,111,169,218,393,611,276,504,780,3884,0.2008238928939238,0.764981938978323
292,辑措巩备,90~94技,21,37,58,43,152,195,64,189,253,1275,0.1984313725490196,0.7557745878664884
293,辑措巩备,95~99技,5,10,15,13,22,35,18,32,50,286,0.17482517482517482,0.6649287351564952
294,辑檬备,0~4技,17,11,28,3,4,7,20,15,35,11980,0.002921535893155259,0.003376508685244153
295,辑檬备,100技 捞惑,0,7,7,0,5,5,0,12,12,93,0.12903225806451613,0.4886997371676478
296,辑檬备,10~14技,119,54,173,10,12,22,129,66,195,23031,0.008466849029568842,0.024717035707626855
297,辑檬备,15~19技,94,39,133,15,10,25,109,49,158,21446,0.007367341229133638,0.020485701002210494
298,辑檬备,20~24技,143,53,196,23,17,40,166,70,236,23652,0.00997801454422459,0.030532589799430736
299,辑檬备,25~29技,126,61,187,51,22,73,177,83,260,28357,0.009168811933561378,0.027418462651940298
300,辑檬备,30~34技,95,46,141,50,27,77,145,73,218,28741,0.007584983125152222,0.021323271874933308
301,辑檬备,35~39技,114,68,182,106,45,151,220,113,333,30804,0.010810284378652123,0.033735488617693266
302,辑檬备,40~44技,100,68,168,186,69,255,286,137,423,36718,0.011520235306933928,0.03646765659393893
303,辑檬备,45~49技,134,85,219,214,79,293,348,164,512,38360,0.013347236704900938,0.04349867030662208
304,辑檬备,50~54技,166,114,280,290,105,395,456,219,675,35796,0.018856855514582636,0.06470183164280655
305,辑檬备,55~59技,162,109,271,316,131,447,478,240,718,26783,0.026808049882388083,0.09530112767753167
306,辑檬备,5~9技,109,37,146,16,6,22,125,43,168,19719,0.008519701810436636,0.02492043381528479
307,辑檬备,60~64技,236,154,390,445,240,685,681,394,1075,26318,0.04084656888821339,0.14932682231879169
308,辑檬备,65~69技,224,164,388,456,305,761,680,469,1149,21777,0.05276208844193415,0.19518238732776147
309,辑檬备,70~74技,182,135,317,450,377,827,632,512,1144,15512,0.073749355337803,0.27594957311141444
310,辑檬备,75~79技,172,148,320,430,399,829,602,547,1149,11226,0.10235168359166222,0.3860224840524385
311,辑檬备,80~84技,133,119,252,317,309,626,450,428,878,6799,0.12913663774084425,0.4891014308589636
312,辑檬备,85~89技,90,100,190,172,281,453,262,381,643,3420,0.18801169590643274,0.7156756095968092
313,辑檬备,90~94技,23,45,68,49,131,180,72,176,248,1365,0.18168498168498168,0.6913279465371375
314,辑檬备,95~99技,5,13,18,14,30,44,19,43,62,382,0.16230366492146597,0.6167410830099562
315,己悼备,0~4技,7,7,14,4,3,7,11,10,21,9179,0.0022878309184006973,0.0009377648658618594
316,己悼备,100技 捞惑,1,2,3,0,2,2,1,4,5,48,0.10416666666666667,0.39300724657251324
317,己悼备,10~14技,63,26,89,6,2,8,69,28,97,8998,0.010780173371860413,0.03361960972351684
318,己悼备,15~19技,60,33,93,4,9,13,64,42,106,9905,0.010701665825340738,0.033317482075041496
319,己悼备,20~24技,107,68,175,18,20,38,125,88,213,18539,0.01148929284211662,0.03634857792510113
320,己悼备,25~29技,126,56,182,34,27,61,160,83,243,24924,0.009749638902262879,0.02965371128731665
321,己悼备,30~34技,97,51,148,46,34,80,143,85,228,23247,0.009807717124790295,0.029877218931838933
322,己悼备,35~39技,77,35,112,92,40,132,169,75,244,23568,0.010353021045485404,0.03197576102833295
323,己悼备,40~44技,83,56,139,159,50,209,242,106,348,22018,0.01580525024979562,0.052958064787297525
324,己悼备,45~49技,110,92,202,228,78,306,338,170,508,21328,0.023818454613653412,0.08379599946403606
325,己悼备,50~54技,196,126,322,317,127,444,513,253,766,24154,0.03171317380144076,0.11417795698682826
326,己悼备,55~59技,233,112,345,483,160,643,716,272,988,22000,0.04490909090909091,0.16496099100013548
327,己悼备,5~9技,69,31,100,18,3,21,87,34,121,10043,0.012048192771084338,0.03849944276240357
328,己悼备,60~64技,324,128,452,635,311,946,959,439,1398,21886,0.06387645069907703,0.23795478669464518
329,己悼备,65~69技,225,147,372,564,350,914,789,497,1286,15882,0.08097216975192041,0.3037457790948004
330,己悼备,70~74技,192,123,315,519,433,952,711,556,1267,11156,0.11357117246324848,0.42919945161973067
331,己悼备,75~79技,166,159,325,496,538,1034,662,697,1359,8955,0.15175879396984926,0.5761603082268654
332,己悼备,80~84技,133,135,268,335,581,916,468,716,1184,6075,0.19489711934156378,0.7421734035469978
333,己悼备,85~89技,54,76,130,165,347,512,219,423,642,2927,0.2193372053296891,0.8362283834243407
334,己悼备,90~94技,16,43,59,44,124,168,60,167,227,963,0.23572170301142265,0.8992823186889125
335,己悼备,95~99技,3,5,8,6,19,25,9,24,33,195,0.16923076923076924,0.6433992812150007
336,己合备,0~4技,13,13,26,6,6,12,19,19,38,11266,0.003372980649742588,0.005113844123310269
337,己合备,100技 捞惑,2,0,2,1,4,5,3,4,7,65,0.1076923076923077,0.40657528785855934
338,己合备,10~14技,119,39,158,7,4,11,126,43,169,17256,0.009793694946685211,0.029823256123354916
339,己合备,15~19技,130,61,191,16,14,30,146,75,221,18730,0.01179925253603844,0.03754142367813035
340,己合备,20~24技,162,96,258,56,32,88,218,128,346,31505,0.010982383748611331,0.03439779409347111
341,己合备,25~29技,155,99,254,67,36,103,222,135,357,34075,0.010476889214966985,0.032452454039711635
342,己合备,30~34技,127,79,206,58,27,85,185,106,291,28652,0.010156359067429848,0.03121892905983494
343,己合备,35~39技,124,78,202,135,46,181,259,124,383,29763,0.012868326445586803,0.04165563690548227
344,己合备,40~44技,181,118,299,243,80,323,424,198,622,32080,0.019389027431421447,0.06674983666839773
345,己合备,45~49技,230,141,371,377,157,534,607,298,905,35366,0.02558954928462365,0.09061186229364768
346,己合备,50~54技,309,179,488,538,201,739,847,380,1227,37852,0.03241572440029589,0.11688164561011051
347,己合备,55~59技,289,170,459,660,271,931,949,441,1390,31428,0.044228076874124986,0.16234018347163373
348,己合备,5~9技,107,49,156,21,12,33,128,61,189,16060,0.011768368617683687,0.03742257031890725
349,己合备,60~64技,387,230,617,852,440,1292,1239,670,1909,31950,0.05974960876369327,0.22207308990445854
350,己合备,65~69技,332,212,544,803,560,1363,1135,772,1907,24853,0.07673117933448678,0.2874247944401011
351,己合备,70~74技,288,207,495,781,699,1480,1069,906,1975,17794,0.11099246937169832,0.41927559670763115
352,己合备,75~79技,283,246,529,799,874,1673,1082,1120,2202,14670,0.15010224948875256,0.5697852791900946
353,己合备,80~84技,222,230,452,558,819,1377,780,1049,1829,10338,0.17692010059972915,0.6729908263318688
354,己合备,85~89技,87,145,232,294,467,761,381,612,993,4798,0.20696123384743642,0.7886008198678374
355,己合备,90~94技,24,56,80,83,203,286,107,259,366,1676,0.21837708830548927,0.8325334787732326
356,己合备,95~99技,5,12,17,9,30,39,14,42,56,351,0.15954415954415954,0.6061214304088941
357,价颇备,0~4技,23,15,38,7,8,15,30,23,53,20263,0.0026156047969204954,0.002199166546832909
358,价颇备,100技 捞惑,0,2,2,0,7,7,0,9,9,90,0.1,0.3769722886890042
359,价颇备,10~14技,204,71,275,17,12,29,221,83,304,28956,0.010498687664041995,0.0325363429707941
360,价颇备,15~19技,157,78,235,23,20,43,180,98,278,28679,0.009693503957599638,0.029437682133684286
361,价颇备,20~24技,276,105,381,58,32,90,334,137,471,38241,0.012316623519259433,0.03953246894039393
362,价颇备,25~29技,262,131,393,75,64,139,337,195,532,52181,0.010195281807554473,0.03136871893950113
363,价颇备,30~34技,255,130,385,119,40,159,374,170,544,52908,0.010281998941558932,0.03170244028147075
364,价颇备,35~39技,267,135,402,221,98,319,488,233,721,53722,0.013420944864301404,0.04378232804221987
365,价颇备,40~44技,249,130,379,337,115,452,586,245,831,54905,0.015135233585283672,0.05037957942808993
366,价颇备,45~49技,305,160,465,465,164,629,770,324,1094,52304,0.020916182318751912,0.07262692410038309
367,价颇备,50~54技,325,195,520,592,247,839,917,442,1359,54008,0.025162938823877944,0.08897009890867445
368,价颇备,55~59技,372,222,594,814,336,1150,1186,558,1744,47606,0.03663403772633702,0.133115359975514
369,价颇备,5~9技,176,67,243,21,16,37,197,83,280,28110,0.009960868018498754,0.030466603283143795
370,价颇备,60~64技,473,269,742,939,579,1518,1412,848,2260,48952,0.04616767445661056,0.16980451120270065
371,价颇备,65~69技,409,261,670,1008,654,1662,1417,915,2332,38584,0.06043956043956044,0.22472829295986332
372,价颇备,70~74技,382,247,629,907,717,1624,1289,964,2253,24774,0.090942116735287,0.3421140222897847
373,价颇备,75~79技,333,247,580,762,757,1519,1095,1004,2099,16486,0.12732015043066844,0.48211087945546016
374,价颇备,80~84技,220,223,443,527,671,1198,747,894,1641,9796,0.1675173540220498,0.6368053914448935
375,价颇备,85~89技,95,183,278,269,520,789,364,703,1067,5206,0.20495582020745293,0.7808832062863614
376,价颇备,90~94技,29,66,95,81,223,304,110,289,399,2039,0.19568415890142227,0.7452022386337945
377,价颇备,95~99技,4,14,18,16,51,67,20,65,85,528,0.16098484848484848,0.6116657631658183
378,剧玫备,0~4技,16,7,23,9,4,13,25,11,36,10678,0.003371417868514703,0.005107829931829403
379,剧玫备,100技 捞惑,0,6,6,2,3,5,2,9,11,57,0.19298245614035087,0.7348050330367849
380,剧玫备,10~14技,128,58,186,12,12,24,140,70,210,24587,0.008541098954732176,0.025002778369110315
381,剧玫备,15~19技,125,52,177,18,25,43,143,77,220,24885,0.00884066706851517,0.02615563327017093
382,剧玫备,20~24技,178,98,276,36,24,60,214,122,336,27320,0.012298682284040996,0.03946342407212855
383,剧玫备,25~29技,175,91,266,46,35,81,221,126,347,30068,0.011540508181455368,0.03654567451932988
384,剧玫备,30~34技,173,64,237,72,35,107,245,99,344,26581,0.01294157480907415,0.041937525167135614
385,剧玫备,35~39技,159,104,263,130,50,180,289,154,443,29076,0.015235933415875636,0.0507671116382704
386,剧玫备,40~44技,181,142,323,247,85,332,428,227,655,36132,0.018127975202036975,0.061896816015497284
387,剧玫备,45~49技,223,161,384,370,143,513,593,304,897,40376,0.0222161680206063,0.07762977593519886
388,剧玫备,50~54技,312,188,500,545,214,759,857,402,1259,41318,0.030470981170434192,0.10939751542169332
389,剧玫备,55~59技,344,201,545,673,268,941,1017,469,1486,34852,0.04263743831057041,0.15621878610175782
390,剧玫备,5~9技,121,48,169,12,7,19,133,55,188,18856,0.009970301230377598,0.030502905960387832
391,剧玫备,60~64技,389,227,616,936,495,1431,1325,722,2047,34090,0.06004693458492227,0.22321731558951935
392,剧玫备,65~69技,385,212,597,951,648,1599,1336,860,2196,26190,0.0838487972508591,0.3148161632848866
393,剧玫备,70~74技,327,216,543,859,660,1519,1186,876,2062,17463,0.11807822252762984,0.4465443375304239
394,剧玫备,75~79技,276,215,491,670,769,1439,946,984,1930,11752,0.1642273655547992,0.6241442330825909
395,剧玫备,80~84技,184,219,403,491,668,1159,675,887,1562,7557,0.2066957787481805,0.7875792451470698
396,剧玫备,85~89技,74,148,222,193,448,641,267,596,863,3743,0.23056371894202513,0.8794323849329286
397,剧玫备,90~94技,21,64,85,86,186,272,107,250,357,1398,0.2553648068669528,0.9748766410148694
398,剧玫备,95~99技,3,12,15,15,46,61,18,58,76,323,0.23529411764705882,0.8976368034947096
399,康殿器备,0~4技,17,13,30,10,3,13,27,16,43,11775,0.0036518046709129513,0.006186867668040847
400,康殿器备,100技 捞惑,0,1,1,2,9,11,2,10,12,53,0.22641509433962265,0.8634668599471654
401,康殿器备,10~14技,84,38,122,8,6,14,92,44,136,11613,0.011711013519331783,0.03720184553815271
402,康殿器备,15~19技,91,44,135,17,9,26,108,53,161,12027,0.01338654693606053,0.04364995140287049
403,康殿器备,20~24技,109,63,172,27,17,44,136,80,216,21540,0.010027855153203343,0.030724395895237802
404,康殿器备,25~29技,152,87,239,63,39,102,215,126,341,37153,0.009178262858988507,0.027454833497824505
405,康殿器备,30~34技,111,78,189,91,54,145,202,132,334,36986,0.009030443951765534,0.026885968709414895
406,康殿器备,35~39技,126,69,195,150,42,192,276,111,387,32417,0.011938180584261344,0.03807607297463251
407,康殿器备,40~44技,163,101,264,217,60,277,380,161,541,28450,0.019015817223198592,0.06531357827546594
408,康殿器备,45~49技,181,104,285,284,89,373,465,193,658,26991,0.02437849653588233,0.0859512591366617
409,康殿器备,50~54技,253,121,374,422,138,560,675,259,934,29279,0.031899996584582806,0.1148969238970753
410,康殿器备,55~59技,254,125,379,567,204,771,821,329,1150,26983,0.042619427046659004,0.15614947173577828
411,康殿器备,5~9技,77,24,101,13,6,19,90,30,120,12981,0.009244280101687081,0.027708893587326193
412,康殿器备,60~64技,338,180,518,752,352,1104,1090,532,1622,27347,0.05931180751087871,0.22038825998840358
413,康殿器备,65~69技,324,161,485,778,455,1233,1102,616,1718,20903,0.08218915945079654,0.30842922995067473
414,康殿器备,70~74技,286,159,445,700,573,1273,986,732,1718,15360,0.11184895833333333,0.422571700170233
415,康殿器备,75~79技,218,160,378,653,686,1339,871,846,1717,11507,0.1492135222038759,0.5663651100901932
416,康殿器备,80~84技,171,156,327,500,622,1122,671,778,1449,7903,0.183348095659876,0.697728257547435
417,康殿器备,85~89技,77,99,176,268,458,726,345,557,902,4047,0.22288114652829255,0.8498668509110381
418,康殿器备,90~94技,21,48,69,67,148,215,88,196,284,1235,0.22995951417004049,0.8771071693956992
419,康殿器备,95~99技,2,7,9,18,25,43,20,32,52,287,0.18118466898954705,0.6894025482171665
420,侩魂备,0~4技,12,7,19,6,2,8,18,9,27,5805,0.004651162790697674,0.010032787354750645
421,侩魂备,100技 捞惑,0,1,1,0,4,4,0,5,5,71,0.07042253521126761,0.2631466721638132
422,侩魂备,10~14技,49,25,74,3,1,4,52,26,78,6951,0.011221406991799741,0.03531764872652053
423,侩魂备,15~19技,40,29,69,9,6,15,49,35,84,7741,0.010851311200103346,0.03389337582266877
424,侩魂备,20~24技,70,28,98,12,8,20,82,36,118,13290,0.008878856282919489,0.026302600256869542
425,侩魂备,25~29技,80,38,118,36,14,50,116,52,168,19488,0.008620689655172414,0.025309074416185084
426,侩魂备,30~34技,70,35,105,54,23,77,124,58,182,19678,0.009248907409289561,0.027726701271130947
427,侩魂备,35~39技,65,40,105,72,22,94,137,62,199,18041,0.01103043068566044,0.03458269744035449
428,侩魂备,40~44技,88,55,143,114,23,137,202,78,280,16823,0.016643880401830825,0.05618544058755159
429,侩魂备,45~49技,82,66,148,167,46,213,249,112,361,16958,0.021287887722608798,0.07405739141940339
430,侩魂备,50~54技,156,74,230,232,77,309,388,151,539,19321,0.027897106775011647,0.09949224321496304
431,侩魂备,55~59技,155,92,247,270,105,375,425,197,622,16801,0.03702160585679424,0.13460687325124324
432,侩魂备,5~9技,53,25,78,9,1,10,62,26,88,6848,0.012850467289719626,0.041586907910562625
433,侩魂备,60~64技,174,98,272,355,172,527,529,270,799,16656,0.04797070124879923,0.17674326128484075
434,侩魂备,65~69技,154,102,256,363,215,578,517,317,834,12513,0.06665068328937905,0.24863111535333746
435,侩魂备,70~74技,123,99,222,342,297,639,465,396,861,8771,0.09816440542697526,0.3699082050882883
436,侩魂备,75~79技,117,96,213,320,360,680,437,456,893,7189,0.12421755459730144,0.47017088101123844
437,侩魂备,80~84技,89,101,190,268,394,662,357,495,852,5602,0.1520885398072117,0.5774292987743139
438,侩魂备,85~89技,53,72,125,120,242,362,173,314,487,2989,0.16293074606891936,0.619154335759306
439,侩魂备,90~94技,9,26,35,41,100,141,50,126,176,1139,0.15452151009657594,0.5867923170435422
440,侩魂备,95~99技,1,8,9,12,12,24,13,20,33,278,0.11870503597122302,0.44895656005094403
441,篮乞备,0~4技,22,22,44,7,3,10,29,25,54,11533,0.004682216249024538,0.0101522931698887
442,篮乞备,100技 捞惑,0,2,2,2,6,8,2,8,10,72,0.1388888888888889,0.5266318956017553
443,篮乞备,10~14技,155,73,228,18,11,29,173,84,257,17625,0.014581560283687943,0.04824882869073532
444,篮乞备,15~19技,158,96,254,12,14,26,170,110,280,19583,0.014298115712607874,0.04715802346843655
445,篮乞备,20~24技,214,115,329,47,36,83,261,151,412,28231,0.01459388615351918,0.048296263443604465
446,篮乞备,25~29技,262,138,400,70,54,124,332,192,524,37051,0.01414266821408329,0.04655980088637129
447,篮乞备,30~34技,222,113,335,108,50,158,330,163,493,33437,0.014744145706851692,0.04887452078983208
448,篮乞备,35~39技,201,116,317,166,72,238,367,188,555,33590,0.016522774635308126,0.05571937837979762
449,篮乞备,40~44技,254,129,383,259,96,355,513,225,738,35916,0.02054794520547945,0.07120980411579056
450,篮乞备,45~49技,383,179,562,410,140,550,793,319,1112,38187,0.029119857543142953,0.10419786491152636
451,篮乞备,50~54技,457,243,700,601,233,834,1058,476,1534,41176,0.03725471148241694,0.13550395458466782
452,篮乞备,55~59技,470,242,712,734,336,1070,1204,578,1782,36068,0.04940667627814129,0.1822694530729857
453,篮乞备,5~9技,139,73,212,17,11,28,156,84,240,16122,0.0148864905098623,0.04942231909092284
454,篮乞备,60~64技,571,283,854,993,551,1544,1564,834,2398,37750,0.06352317880794701,0.2365952587196778
455,篮乞备,65~69技,499,262,761,941,729,1670,1440,991,2431,29265,0.08306851187425252,0.3118133209286455
456,篮乞备,70~74技,425,263,688,973,879,1852,1398,1142,2540,21494,0.11817251325951428,0.44690720502992126
457,篮乞备,75~79技,370,286,656,928,1036,1964,1298,1322,2620,17027,0.1538732601162859,0.5842975983718774
458,篮乞备,80~84技,236,260,496,768,915,1683,1004,1175,2179,11731,0.1857471656295286,0.7069608141689478
459,篮乞备,85~89技,126,161,287,329,540,869,455,701,1156,5358,0.21575214632325496,0.8224316785816049
460,篮乞备,90~94技,29,60,89,97,191,288,126,251,377,1708,0.22072599531615925,0.8415729887704418
461,篮乞备,95~99技,6,12,18,11,35,46,17,47,64,383,0.1671018276762402,0.6352062840558026
462,辆肺备,0~4技,6,2,8,1,1,2,7,3,10,2720,0.003676470588235294,0.0062817917349420995
463,辆肺备,100技 捞惑,0,1,1,1,2,3,1,3,4,32,0.125,0.4731820359900584
464,辆肺备,10~14技,31,22,53,8,3,11,39,25,64,4934,0.012971220105391163,0.04205161182582859
465,辆肺备,15~19技,55,32,87,4,3,7,59,35,94,5447,0.017257205801358547,0.058545755855626797
466,辆肺备,20~24技,47,52,99,10,6,16,57,58,115,9965,0.01154039136979428,0.03654522498251408
467,辆肺备,25~29技,70,32,102,11,11,22,81,43,124,12837,0.009659577782971098,0.029307120986168157
468,辆肺备,30~34技,64,32,96,31,8,39,95,40,135,10302,0.013104251601630751,0.042563568891280275
469,辆肺备,35~39技,41,36,77,44,23,67,85,59,144,9168,0.015706806282722512,0.05257921401948084
470,辆肺备,40~44技,46,39,85,68,25,93,114,64,178,9909,0.01796346755474821,0.061263726448507555
471,辆肺备,45~49技,78,60,138,103,37,140,181,97,278,11060,0.025135623869801085,0.08886498031550347
472,辆肺备,50~54技,131,61,192,180,61,241,311,122,433,13100,0.033053435114503815,0.11933580507671529
473,辆肺备,55~59技,122,50,172,242,82,324,364,132,496,11857,0.04183182929914818,0.15311848852526244
474,辆肺备,5~9技,23,12,35,4,2,6,27,14,41,4264,0.009615384615384616,0.029137048446731012
475,辆肺备,60~64技,144,75,219,280,116,396,424,191,615,11511,0.05342715663278603,0.19774182903095464
476,辆肺备,65~69技,122,77,199,273,168,441,395,245,640,8841,0.07239000113109377,0.27071824812260964
477,辆肺备,70~74技,104,77,181,234,193,427,338,270,608,6254,0.09721778062040294,0.36626522375111903
478,辆肺备,75~79技,101,65,166,278,316,594,379,381,760,5383,0.14118521270666914,0.5354690449709565
479,辆肺备,80~84技,80,83,163,188,294,482,268,377,645,4078,0.15816576753310446,0.600816840526278
480,辆肺备,85~89技,35,52,87,98,186,284,133,238,371,2071,0.1791405118300338,0.68153583446675
481,辆肺备,90~94技,13,25,38,40,61,101,53,86,139,750,0.18533333333333332,0.7053682261432693
482,辆肺备,95~99技,4,4,8,11,16,27,15,20,35,200,0.175,0.665601530592167
483,吝备,0~4技,3,3,6,1,0,1,4,3,7,2927,0.0023915271609156134,0.001336828437399016
484,吝备,100技 捞惑,1,0,1,0,2,2,1,2,3,26,0.11538461538461539,0.4361782870281145
485,吝备,10~14技,16,6,22,4,2,6,20,8,28,3053,0.00917130691123485,0.02742806429879976
486,吝备,15~19技,23,8,31,4,3,7,27,11,38,3421,0.011107863197895352,0.03488068793775475
487,吝备,20~24技,31,20,51,4,6,10,35,26,61,7369,0.008277921020491246,0.023989967067168983
488,吝备,25~29技,65,27,92,15,7,22,80,34,114,10940,0.010420475319926873,0.032235351376268546
489,吝备,30~34技,38,24,62,30,13,43,68,37,105,10388,0.010107816711590296,0.031032119148286085
490,吝备,35~39技,35,28,63,45,16,61,80,44,124,9498,0.013055380080016846,0.042375492221492596
491,吝备,40~44技,58,37,95,75,21,96,133,58,191,8807,0.02168729419779721,0.07559446326133465
492,吝备,45~49技,70,49,119,101,33,134,171,82,253,8572,0.02951469902006533,0.10571736886027344
493,吝备,50~54技,90,56,146,155,61,216,245,117,362,10364,0.034928598996526436,0.1265521668062137
494,吝备,55~59技,124,55,179,198,81,279,322,136,458,9679,0.04731893790680856,0.17423502182752024
495,吝备,5~9技,23,11,34,5,2,7,28,13,41,3372,0.012158956109134046,0.03892570327296293
496,吝备,60~64技,150,65,215,295,142,437,445,207,652,10072,0.06473391580619539,0.24125464674565833
497,吝备,65~69技,134,82,216,312,173,485,446,255,701,8011,0.08750468106353763,0.32888542959607925
498,吝备,70~74技,112,77,189,274,201,475,386,278,664,5628,0.11798152096659559,0.446172192220395
499,吝备,75~79技,109,80,189,244,313,557,353,393,746,4593,0.16242107554974963,0.6171929248850614
500,吝备,80~84技,70,76,146,174,242,416,244,318,562,3284,0.17113276492082827,0.6507189022033316
501,吝备,85~89技,27,53,80,97,185,282,124,238,362,1683,0.21509209744503863,0.8198915531504234
502,吝备,90~94技,6,24,30,34,72,106,40,96,136,667,0.20389805097451275,0.7768124978622012
503,吝备,95~99技,1,1,2,9,15,24,10,16,26,145,0.1793103448275862,0.682189418057866
504,吝尔备,0~4技,17,11,28,6,2,8,23,13,36,9422,0.00382084483124602,0.006837400112415816
505,吝尔备,100技 捞惑,1,5,6,0,3,3,1,8,9,67,0.13432835820895522,0.5090811954307504
506,吝尔备,10~14技,89,47,136,7,7,14,96,54,150,12040,0.012458471760797342,0.04007835627933238
507,吝尔备,15~19技,97,56,153,13,13,26,110,69,179,13392,0.013366188769414577,0.0435716052401297
508,吝尔备,20~24技,187,89,276,35,18,53,222,107,329,22060,0.014913871260199456,0.04952769089375688
509,吝尔备,25~29技,211,113,324,59,33,92,270,146,416,32068,0.012972433578645378,0.042056281744034384
510,吝尔备,30~34技,177,95,272,87,33,120,264,128,392,29458,0.013307081268246318,0.0433441365300899
511,吝尔备,35~39技,175,113,288,146,42,188,321,155,476,27567,0.01726702216418181,0.05858353304709246
512,吝尔备,40~44技,221,135,356,263,83,346,484,218,702,27764,0.02528454113240167,0.08943807200364615
513,吝尔备,45~49技,273,168,441,309,112,421,582,280,862,27946,0.03084520145995849,0.11083766100129572
514,吝尔备,50~54技,361,232,593,626,233,859,987,465,1452,34058,0.042633155205825356,0.1562023030447504
515,吝尔备,55~59技,481,254,735,867,406,1273,1348,660,2008,33460,0.06001195457262403,0.2230826988637673
516,吝尔备,5~9技,96,43,139,25,8,33,121,51,172,11863,0.014498862007923797,0.04793057348219525
517,吝尔备,60~64技,609,324,933,1129,654,1783,1738,978,2716,34692,0.07828894269572235,0.29341967521367374
518,吝尔备,65~69技,491,324,815,1055,716,1771,1546,1040,2586,26013,0.09941183254526582,0.374708791001377
519,吝尔备,70~74技,379,267,646,905,859,1764,1284,1126,2410,17833,0.13514271294790556,0.5122151499766634
520,吝尔备,75~79技,331,283,614,857,900,1757,1188,1183,2371,13343,0.1776961702765495,0.6759774450316646
521,吝尔备,80~84技,212,238,450,593,782,1375,805,1020,1825,8751,0.20854759456062164,0.7947057544015922
522,吝尔备,85~89技,72,163,235,242,465,707,314,628,942,3951,0.2384206529992407,0.9096689305411589
523,吝尔备,90~94技,14,53,67,63,142,205,77,195,272,1305,0.20842911877394635,0.7942498133816993
524,吝尔备,95~99技,2,17,19,9,24,33,11,41,52,297,0.1750841750841751,0.6659254691352682
